1 20 1081
2 189 989
3 53 806
4 56 738
5 18 714
6 11 687
7 167 625
8 84 607
9 94 563
10 142 562
11 175 550
12 183 478
13 39 471
14 52 447
15 199 367
15 191 367
15 164 367
15 111 367
15 27 367
20 54 362
21 50 325
22 229 321
23 315 319
24 259 316
24 208 316
26 209 305
27 75 301
28 57 278
29 30 274
30 114 264
31 144 217
32 218 213
33 77 211
34 48 197
35 177 195
35 171 195
35 159 195
38 242 181
39 285 171
40 100 168
41 203 165
42 198 153
43 200 134
44 195 127
44 179 127
44 154 127
44 46 127
48 277 121
49 222 109
50 115 102
51 153 101
52 90 95
53 63 93
54 173 92
55 245 76
56 118 65
57 60 61
57 13 61
-1 -1 -1
