NO
1 189 1252 0 626 626
2 20 1114 1080 17 1097
3 142 836 286 275 561
4 164 732 0 366 366
4 27 732 0 366 366
4 84 732 480 126 606
4 167 732 0 366 366
4 191 732 0 366 366
4 111 732 0 366 366
4 183 732 0 366 366
4 56 732 711 26 737
4 199 732 0 366 366
4 94 732 102 315 417
14 171 386 0 193 193
14 75 386 211 87 298
14 53 386 499 22 521
14 177 386 0 193 193
14 159 386 0 193 193
19 203 325 0 162 162
20 315 279 299 19 318
21 154 248 0 124 124
21 144 248 178 37 215
21 179 248 0 124 124
21 100 248 82 83 165
21 90 248 0 124 124
21 195 248 0 124 124
21 198 248 0 124 124
21 46 248 0 124 124
21 30 248 235 37 272
-1 -1 -1 -1 -1 -1
